Points:
(1.6304984372329768e-05, 3.511480223467668e-05)
(1.669661849830928e-05, 3.605732366528877e-05)
(0.022704767939289962, 2.0758354904184705e-05)
(0.17358638736144266, -0.0021930864561714694)
(0.290952293963458, 0.004544513378492559)
(0.36957749879087287, 0.009198176304297655)
(0.5125445411361813, 0.018182160990436253)
(0.6182000029955981, 0.024039083629688724)
(0.7716114615938815, 0.02287694119141488)
(0.8873514272725966, 0.011146540956151233)
(1.0296317348894672, -0.005302920814962384)
(1.1503684074350111, -0.02118505924275569)
(1.2819303802857676, -0.03489587906887108)
(1.4149521304975436, -0.04955943443345349)
(1.5282813463050129, -0.06128060337284489)
(1.6678104364368689, -0.07395110334292047)
(1.8102376109068483, -0.08708965601898315)
(1.9073367331167221, -0.09565010945554354)
(2.082778945973259, -0.11233416044373991)
(2.2236390190173307, -0.11592692913678335)
(2.350720805826493, -0.11297782969143527)
(2.476638710911325, -0.10574773591834803)
(2.62275114895169, -0.09827986409495053)
(2.7495005879510073, -0.09237196923505232)
(2.8752564702920096, -0.08645282492907173)
(3.0006769245458464, -0.08048366970322123)
(3.126263169180645, -0.07443944409729905)
(3.2576957974619374, -0.06805790989751902)
(3.3867426520786283, -0.06356350224075218)
(3.3882160901496596, -0.06358241817613842)

Measurements:
0.5934660416967978
0.5934658794124448
0.5971498730016005
0.6224043143986412
0.6399100633044187
0.6515013127831639
0.6720897000682626
0.6871673953577926
0.7116395295174712
0.7335951590553305
0.7611622278001022
0.7850499359298121
0.8090358629666654
0.8327253248563513
0.8516003822478387
0.8724279259756659
0.8916436997692875
0.9031047498382972
0.9211553935864984
0.9267010140046095
0.9253186985321372
0.9188390214893886
0.9086345961016578
0.8974683699207466
0.8841330477872507
0.8687994032257179
0.8516390423273954
0.8320146364311608
0.8121617587864886
0.8119587533234346
